ball01 99 (1440,1920,3) 00000198 4
ball02 81 (1440,1920,3) 00000082 4
bikes01 55 (1440,1920,3) 00000550 4
bikes02 291 (1440,1920,3) 00000002 4
bikes03 243 (1440,1920,3) 00000002 4
bikes05 185 (1440,1920,3) 00000002 4
birds01 198 (1440,1920,3) 00000002 4
birds02 205 (1440,1920,3) 00000002 4
birds03 294 (1440,1920,3) 00000002 4
birds04 275 (1440,1920,3) 00000002 4
birds05 296 (1440,1920,3) 00000002 4
birds06 333 (1440,1920,3) 00000002 4
birds08 183 (1440,1920,3) 00000002 4
birds09 221 (1440,1920,3) 00000226 4
birds10 315 (1440,1920,3) 00000002 4
cat01 467 (1440,1920,3) 00000002 4
cat02 135 (1440,1920,3) 00000114 4
cat04 152 (1440,1920,3) 00000002 4
dog01 159 (1440,1920,3) 00000002 4
dog02 124 (1440,1920,3) 00000374 4
dog03 205 (1440,1920,3) 00000078 4
dog04 120 (1440,1920,3) 00001034 4
dog05 104 (1440,1920,3) 00000002 4
dog06 108 (1440,1920,3) 00000102 4
dog07 208 (1440,1920,3) 00000294 4
dog08 163 (1440,1920,3) 00000210 4
dog09 132 (1440,1920,3) 00000082 4
farm01 379 (1440,1920,3) 00000002 4
farm02 372 (1440,1920,3) 00000002 4
farm04 205 (1440,1920,3) 00000002 4
farm05 245 (1440,1920,3) 00000282 4
farm06 239 (1440,1920,3) 00000394 4
farm07 353 (1440,1920,3) 00000002 4
farm08 356 (1440,1920,3) 00000002 4
farm09 290 (1440,1920,3) 00000002 4
farm10 90 (1440,1920,3) 00000002 4
farm11 287 (1440,1920,3) 00000002 4
farm12 238 (1440,1920,3) 00000334 4
flowers01 358 (1440,1920,3) 00000002 4
flowers02 359 (1440,1920,3) 00000002 4
flowers03 334 (1440,1920,3) 00000002 4
flowers04 277 (1440,1920,3) 00000002 4
flowers05 336 (1440,1920,3) 00000002 4
flowers06 355 (1440,1920,3) 00000002 4
flowers08 348 (1440,1920,3) 00000002 4
flowers09 361 (1440,1920,3) 00000002 4
flowers10 271 (1440,1920,3) 00000166 4
forest01 294 (1440,1920,3) 00000002 4
forest02 343 (1440,1920,3) 00000002 4
forest03 165 (1440,1920,3) 00000262 4
forest05 321 (1440,1920,3) 00000338 4
forest06 366 (1440,1920,3) 00000362 4
forest07 376 (1440,1920,3) 00000002 4
indoors01 235 (1440,1920,3) 00000002 4
indoors03 167 (1440,1920,3) 00000002 4
indoors04 258 (1440,1920,3) 00000002 4
indoors05 150 (1440,1920,3) 00000002 4
indoors06 276 (1440,1920,3) 00000002 4
indoors07 229 (1440,1920,3) 00000002 4
play_ground01 61 (1440,1920,3) 00000002 4
play_ground02 337 (1440,1920,3) 00000002 4
play_ground03 141 (1440,1920,3) 00000002 4
play_ground04 274 (1440,1920,3) 00000002 4
play_ground06 195 (1440,1920,3) 00000690 4
play_ground07 91 (1440,1920,3) 00000338 4
rnd_obj02 179 (1440,1920,3) 00000338 4
rnd_obj03 207 (1440,1920,3) 00000002 4
robot01 214 (1440,1920,3) 00000002 4
robot02 329 (1440,1920,3) 00000002 4
robot03 280 (1440,1920,3) 00000002 4
squirrel02 269 (1440,1920,3) 00000002 4
squirrel03 98 (1440,1920,3) 00000002 4
toy02 217 (1440,1920,3) 00000278 4
toy03 63 (1440,1920,3) 00000238 4
toy04 127 (1440,1920,3) 00000466 4
toy05 109 (1440,1920,3) 00000218 4
